0
1
6
10
15
17
16
13
10
7
4
1
1
0
1
1
1
1
2
3
3
3
3
3
3
3
8
20
43
78
112
126
113
74
28
-31
-108
-127
-99
-55
-19
-1
1
1
1
1
0
0
0
0
0
0
0
0
1
2
2
3
4
5
7
9
10
11
12
13
14
14
16
19
22
26
30
34
39
44
48
53
58
62
66
68
69
70
70
69
68
65
62
57
50
44
37
31
26
20
15
12
9
6
3
1
0
0
1
6
10
15
17
16
13
10
7
4
1
1
0
1
1
1
1
2
3
3
3
3
3
3
3
8
20
43
78
112
126
113
74
28
-31
-108
-127
-99
-55
-19
-1
1
1
1
1
0
0
0
0
0
0
0
0
1
2
2
3
4
5
7
9
10
11
12
13
14
14
16
19
22
26
30
34
39
44
48
53
58
62
66
68
69
70
70
69
68
65
62
57
50
44
37
31
26
20
15
12
9
6
3
1
0
0
1
6
10
15
17
16
13
10
7
4
1
1
0
1
1
1
1
2
3
3
3
3
3
3
3
8
20
43
78
112
126
113
74
28
-31
-108
-127
-99
-55
-19
-1
1
1
1
1
0
0
0
0
0
0
0
0
1
2
2
3
4
5
7
9
10
11
12
13
14
14
16
19
22
26
30
34
39
44
48
53
58
62
66
68
69
70
70
69
68
65
62
57
50
44
37
31
26
20
15
12
9
6
3
1
0
0
1
6
10
15
17
16
13
10
7
4
1
1
0
1
1
1
1
2
3
3
3
3
3
3
3
8
20
43
78
112
126
113
74
28
-31
-108
-127
-99
-55
-19
-1
1
1
1
1
0
0
0
0
0
0
0
0
1
2
2
3
4
5
7
9
10
11
12
13
14
14
16
19
22
26
30
34
39
44
48
53
58
62
66
68
69
70
70
69
68
65
62
57
50
44
37
31
26
20
15
12
9
6
3
1
0
0
1
6
10
15
17
16
13
10
7
4
1
1
0
1
1
1
1
2
3
3
3
3
3
3
3
8
20
43
78
112
126
113
74
28
-31
-108
-127
-99
-55
-19
-1
1
1
1
1
0
0
0
0
0
0
0
0
1
2
2
3
4
5
7
9
10
11
12
13
14
14
16
19
22
26
30
34
39
44
48
53
58
62
66
68
69
70
70
69
68
65
62
57
50
44
37
31
26
20
15
12
9
6
